4294967278,128
4294967278,115
4294967278,110
4294967278,89
4294967278,83
4294967278,77
4294967278,76
4294967278,75
4294967278,74
4294967278,68
4294967278,52
4294967278,42
4294967278,32
4294967278,27
4294967278,22
4294967278,17
4294967278,12
4294967278,7
4294967279,131
4294967279,126
4294967279,121
4294967279,116
4294967279,22
4294967279,17
4294967279,12
4294967279,7
4294967279,4
4294967293,131
4294967293,130
4294967293,129
4294967293,128
4294967293,127
4294967293,126
4294967293,125
4294967293,124
4294967293,123
4294967293,122
4294967293,121
4294967293,120
4294967293,119
4294967293,118
4294967293,117
4294967293,116
4294967293,115
4294967293,114
4294967293,113
4294967293,112
4294967293,111
4294967293,110
4294967293,109
4294967293,108
4294967293,107
4294967293,106
4294967293,105
4294967293,104
4294967293,103
4294967293,102
4294967293,101
4294967293,100
4294967293,99
4294967293,98
4294967293,97
4294967293,96
4294967293,95
4294967293,94
4294967293,93
4294967293,92
4294967293,91
4294967293,90
4294967293,89
4294967293,87
4294967293,86
4294967293,85
4294967293,84
4294967293,83
4294967293,82
4294967293,81
4294967293,80
4294967293,79
4294967293,78
4294967293,77
4294967293,76
4294967293,75
4294967293,74
4294967293,73
4294967293,72
4294967293,71
4294967293,70
4294967293,69
4294967293,68
4294967293,67
4294967293,66
4294967293,65
4294967293,64
4294967293,63
4294967293,62
4294967293,61
4294967293,60
4294967293,59
4294967293,58
4294967293,57
4294967293,56
4294967293,55
4294967293,54
4294967293,53
4294967293,52
4294967293,51
4294967293,50
4294967293,49
4294967293,48
4294967293,47
4294967293,46
4294967293,45
4294967293,44
4294967293,43
4294967293,42
4294967293,41
4294967293,40
4294967293,39
4294967293,38
4294967293,37
4294967293,36
4294967293,35
4294967293,34
4294967293,33
4294967293,32
4294967293,31
4294967293,30
4294967293,29
4294967293,28
4294967293,27
4294967293,26
4294967293,25
4294967293,24
4294967293,23
4294967293,22
4294967293,21
4294967293,20
4294967293,19
4294967293,18
4294967293,17
4294967293,16
4294967293,15
4294967293,14
4294967293,13
4294967293,12
4294967293,11
4294967293,10
4294967293,9
4294967293,8
4294967293,7
4294967293,6
4294967293,5
4294967293,4
4294967293,3
4294967278,131
4294967278,521
4294967278,130
4294967278,127
4294967278,126
4294967278,518
4294967278,125
4294967278,248
4294967278,120
4294967278,517
4294967278,114
4294967278,229
4294967278,109
4294967278,227
4294967278,108
4294967278,225
4294967278,107
4294967278,223
4294967278,106
4294967278,221
4294967278,105
4294967278,219
4294967278,104
4294967278,217
4294967278,103
4294967278,215
4294967278,102
4294967278,516
4294967278,101
4294967278,515
4294967278,100
4294967278,514
4294967278,99
4294967278,513
4294967278,98
4294967278,512
4294967278,97
4294967278,319
4294967278,94
4294967278,318
4294967278,93
4294967278,317
4294967278,91
4294967278,316
4294967278,85
4294967278,315
4294967278,84
4294967278,314
4294967278,82
4294967278,313
4294967278,81
4294967278,312
4294967278,80
4294967278,311
4294967278,73
4294967278,310
4294967278,66
4294967278,309
4294967278,65
4294967278,308
4294967278,64
4294967278,307
4294967278,63
4294967278,306
4294967278,62
4294967278,305
4294967278,61
4294967278,304
4294967278,58
4294967278,303
4294967278,56
4294967278,302
4294967278,54
4294967278,301
4294967278,53
4294967278,299
4294967278,47
4294967278,298
4294967278,46
4294967278,297
4294967278,40
4294967278,296
4294967278,39
4294967278,295
4294967278,38
4294967278,294
4294967278,37
4294967278,293
4294967278,292
4294967278,291
4294967278,290
4294967278,24
4294967278,20
4294967278,19
4294967278,0
4294967278,260
4294967278,287
4294967278,286
4294967278,285
4294967278,284
4294967278,276
4294967279,132
4294967279,128
4294967279,127
4294967279,123
4294967279,122
4294967279,120
4294967279,119
4294967279,329
4294967279,327
4294967279,326
4294967279,325
4294967279,324
4294967279,323
4294967279,322
4294967279,93
4294967279,321
4294967279,92
4294967279,91
4294967279,90
4294967279,320
4294967279,89
4294967279,254
4294967279,87
4294967279,86
4294967279,319
4294967279,85
4294967279,318
4294967279,84
4294967279,317
4294967279,83
4294967279,316
4294967279,82
4294967279,315
4294967279,81
4294967279,314
4294967279,80
4294967279,79
4294967279,78
4294967279,77
4294967279,76
4294967279,75
4294967279,313
4294967279,74
4294967279,312
4294967279,73
4294967279,72
4294967279,71
4294967279,70
4294967279,69
4294967279,68
4294967279,311
4294967279,67
4294967279,310
4294967279,66
4294967279,309
4294967279,65
4294967279,308
4294967279,64
4294967279,307
4294967279,63
4294967279,306
4294967279,62
4294967279,305
4294967279,61
4294967279,304
4294967279,60
4294967279,303
4294967279,59
4294967279,302
4294967279,58
4294967279,301
4294967279,57
4294967279,300
4294967279,56
4294967279,299
4294967279,55
4294967279,298
4294967279,54
4294967279,297
4294967279,295
4294967279,294
4294967279,293
4294967279,292
4294967279,33
4294967279,291
4294967279,32
4294967279,290
4294967279,31
4294967279,30
4294967279,29
4294967279,28
4294967279,27
4294967279,26
4294967279,289
4294967279,25
4294967279,288
4294967279,24
4294967279,23
4294967279,20
4294967279,2
4294967279,0
4294967279,260
4294967279,15
4294967279,14
4294967279,10
4294967279,285
4294967279,9
4294967279,284
4294967279,283
4294967279,5
4294967279,280
4294967294,107
4294967294,7
4294967294,6
4294967294,5
4294967294,22
4294967294,17
4294967294,42
4294967294,99
4294967294,76
4294967294,52
4294967294,471
4294967294,969
4294967294,67
4294967294,354
4294967294,46
4294967294,421
4294967294,472
4294967294,1511
4294967294,769
4294967294,464
4294967294,975
4294967294,974
4294967294,973
4294967294,972
4294967294,82
4294967294,24
4294967294,90
4294967294,86
4294967294,83
4294967294,743
4294967294,742
4294967294,741
4294967294,740
4294967294,739
4294967294,737
4294967294,736
4294967294,735
4294967294,734
4294967294,733
4294967294,732
4294967294,731
4294967294,730
4294967294,729
4294967294,728
4294967294,727
4294967294,726
4294967294,725
4294967294,724
4294967294,723
4294967294,1508
4294967294,722
4294967294,721
4294967294,720
4294967294,716
4294967294,715
4294967294,713
4294967294,712
4294967294,711
4294967294,710
4294967294,709
4294967294,462
4294967294,708
4294967294,707
4294967294,185
4294967294,706
4294967294,705
4294967294,704
4294967294,703
4294967294,702
4294967294,701
4294967294,700
4294967294,699
4294967294,698
4294967294,148
4294967294,697
4294967294,696
4294967294,695
4294967294,694
4294967294,693
4294967294,692
4294967294,691
4294967294,690
4294967294,689
4294967294,688
4294967294,687
4294967294,686
4294967294,685
4294967294,684
4294967294,683
4294967294,1507
4294967294,682
4294967294,681
4294967294,680
4294967294,679
4294967294,678
4294967294,738
4294967294,677
4294967294,676
4294967294,675
4294967294,674
4294967294,673
4294967294,672
4294967294,670
4294967294,669
4294967294,668
4294967294,667
4294967294,666
4294967294,665
4294967294,664
4294967294,663
4294967294,662
4294967294,661
4294967294,660
4294967294,659
4294967294,658
4294967294,657
4294967294,656
4294967294,655
4294967294,654
4294967294,653
4294967294,652
4294967294,651
4294967294,650
4294967294,649
4294967294,648
4294967294,647
4294967294,646
4294967294,1505
4294967294,644
4294967294,643
4294967294,642
4294967294,641
4294967294,640
4294967294,639
4294967294,638
4294967294,637
4294967294,636
4294967294,635
4294967294,466
4294967294,465
4294967294,1410
4294967294,634
4294967294,633
4294967294,632
4294967294,631
4294967294,630
4294967294,629
4294967294,628
4294967294,627
4294967294,626
4294967294,2
4294967294,408
4294967294,625
4294967294,624
4294967294,623
4294967294,621
4294967294,620
4294967294,451
4294967294,618
4294967294,617
4294967294,616
4294967294,615
4294967294,614
4294967294,613
4294967294,612
4294967294,611
4294967294,610
4294967294,609
4294967294,608
4294967294,607
4294967294,606
4294967294,605
4294967294,604
4294967294,27
4294967294,603
4294967294,602
4294967294,601
4294967294,600
4294967294,599
4294967294,598
4294967294,597
4294967294,596
4294967294,595
4294967294,594
4294967294,593
4294967294,592
4294967294,1
4294967294,150
4294967294,591
4294967294,142
4294967294,26
4294967294,590
4294967294,25
4294967294,589
4294967294,28
4294967294,588
4294967294,587
4294967294,586
4294967294,585
4294967294,584
4294967294,583
4294967294,582
4294967294,581
4294967294,580
4294967294,579
4294967294,578
4294967294,577
4294967294,1426
4294967294,576
4294967294,319
4294967294,318
4294967294,317
4294967294,315
4294967294,314
4294967294,313
4294967294,312
4294967294,311
4294967294,309
4294967294,308
4294967294,306
4294967294,305
4294967294,304
4294967294,302
4294967294,300
4294967294,298
4294967294,297
4294967294,296
4294967294,295
4294967294,294
4294967294,1513
4294967294,293
4294967294,292
4294967294,133
4294967294,291
4294967294,290
4294967294,289
4294967294,288
4294967294,287
4294967294,286
4294967294,285
4294967294,284
4294967294,283
4294967294,282
4294967294,281
4294967294,280
4294967294,279
4294967294,278
4294967294,277
4294967294,275
4294967294,273
4294967294,272
4294967294,271
4294967294,270
4294967294,269
4294967294,268
4294967294,267
4294967294,266
4294967294,265
4294967294,264
4294967294,263
4294967294,262
4294967294,261
4294967294,128
4294967294,260
4294967294,258
4294967294,131
4294967294,257
4294967294,256
4294967294,255
4294967294,254
4294967294,253
4294967294,252
4294967294,251
4294967294,250
