65536
196608
114688
7385069170
29716170316
67108864
524288
59806056
65536
196608
114688
7624560585
30577623510
67108864
524288
59601841
65536
196608
98304
7847212000
31458169910
67108864
524288
59264453
65536
196608
114688
8070583598
32338343971
67108864
524288
59798950
65536
196608
114688
8262874119
33161434893
67108864
524288
59891342
65536
196608
114688
8361354538
33585242774
67108864
524288
58276199
65536
196608
114688
8361354561
33585245062
67108864
524288
58276199
65536
196608
114688
8361354584
33585247350
67108864
524288
58276199
65536
196608
114688
8460356256
34010337494
67108864
524288
60349146
65536
196608
114688
8568064691
34458957412
67108864
524288
58969137
65536
196608
114688
8679054179
34907704901
67108864
524288
59979827
65536
196608
114688
8784173114
35362401003
67108864
524288
60149523
65536
196608
114688
8887992862
35817733441
67108864
524288
59747677
65536
196608
114688
8997672672
36269305282
67108864
524288
59235097
65536
196608
114688
9108048003
36717432166
67108864
524288
59153672
65536
196608
98304
9218062595
37169596161
67108864
524288
59275212
65536
196608
114688
9330690505
37618946462
67108864
524288
59246949
65536
196608
114688
9437710351
38071329531
67108864
524288
59964927
65536
196608
114688
9543695124
38530168041
67108864
524288
59781714
65536
196608
114688
9653079876
38985026057
67108864
524288
59471583
65536
196608
114688
9762877109
39434104177
67108864
524288
59782807
65536
196608
114688
9871363689
39883295848
67108864
524288
59781859
65536
196608
114688
9981503497
40328100525
67108864
524288
59031462
65536
196608
114688
10087329392
40780477915
67108864
524288
59668006
65536
196608
114688
10195295859
41233918048
67108864
524288
59783678
65536
196608
114688
10304087302
41679000208
67108864
524288
59463481
65536
196608
114688
10413015049
42130085020
67108864
524288
58847635
65536
196608
98304
10519698756
42577560140
67108864
524288
59230209
65536
196608
114688
10631128246
43032410103
67108864
524288
58721514
65536
196608
114688
10739479214
43481897768
67108864
524288
59474419
65536
196608
114688
10844865442
43936139870
67108864
524288
59554166
65536
196608
114688
10951929075
44383023272
67108864
524288
59768185
65536
196608
114688
11060520726
44828838753
67108864
524288
59480951
65536
196608
114688
11170121784
45275258050
67108864
524288
60318861
65536
196608
114688
11278602779
45726011962
67108864
524288
59220601
65536
196608
114688
11387885487
46172268088
67108864
524288
59574734
65536
196608
114688
11492535398
46618880262
67108864
524288
59801553
65536
196608
114688
11601984775
47072231520
67108864
524288
58907607
65536
196608
114688
11711311054
47523946211
67108864
524288
59752297
65536
196608
114688
11822911211
47974307654
67108864
524288
59428213
65536
196608
114688
11931193256
48426943307
67108864
524288
59523570
65536
196608
114688
12042052035
48875439062
67108864
524288
59369434
65536
196608
114688
12150864860
49325501713
67108864
524288
59229476
65536
196608
114688
12259431644
49774780461
67108864
524288
59873886
65536
196608
114688
12370536265
50223988877
67108864
524288
59173878
65536
196608
114688
12479621932
50675013336
67108864
524288
59979923
65536
196608
114688
12591028915
51119487550
67108864
524288
59264372
65536
196608
114688
12701678300
51564443907
67108864
524288
58840779
65536
196608
114688
12818547973
52008786692
67108864
524288
59751672
65536
196608
114688
12927179858
52459209058
67108864
524288
59842527
65536
196608
114688
13034627499
52907188077
67108864
524288
59909013
65536
196608
114688
13144720275
53358227290
67108864
524288
59495294
65536
196608
114688
13251129564
53805431142
67108864
524288
58597846
65536
196608
114688
13359399671
54255711950
67108864
524288
59844798
65536
196608
114688
13465587199
54711497025
67108864
524288
59234861
65536
196608
114688
13570384507
55162599686
67108864
524288
59651409
65536
196608
114688
13678808375
55608717487
67108864
524288
58992874
65536
196608
114688
13783372714
56062666434
67108864
524288
59859026
65536
196608
114688
13892019721
56513804177
67108864
524288
59092522
65536
196608
114688
14002901133
56964013736
67108864
524288
60005757
65536
196608
114688
14112573787
57415421685
67108864
524288
59323821
65536
196608
114688
14221844470
57863657338
67108864
524288
60253022
65536
196608
114688
14329435226
58312912297
67108864
524288
58327095
65536
196608
114688
14437575287
58765329540
67108864
524288
59815470
65536
196608
114688
14547891550
59212247692
67108864
524288
58565507
65536
196608
114688
14656320210
59659948908
67108864
524288
59951170
65536
196608
114688
14763732935
60110071074
67108864
524288
59804515
65536
196608
114688
14850476680
60486144056
67108864
524288
58173719
