24966542
25713942
26458932
27205542
27891992
28245352
28245352
28245352
28601022
28977822
29358362
29738452
30115552
30494802
30872592
31253842
31635002
32013192
32394232
32775732
33153652
33530432
33905462
34282742
34663102
35039132
35419752
35794932
36177822
36555402
36934392
37311012
37688572
38066492
38444772
38821262
39194272
39574632
39953912
40334402
40715412
41095052
41473082
41852112
42233152
42613992
42991632
43370282
43750532
44130222
44507662
44888002
45263232
45640192
46021542
46398082
46773792
47152002
47530482
47910322
48289762
48666422
49044572
49424012
49801492
50179792
50557082
50871202
