3494839
3612954
3722616
3832864
3932442
3978726
3978726
3978726
4029302
4081613
4133720
4188778
4244016
4296494
4349359
4400307
4456374
4509971
4566660
4618389
4671725
4723235
4778493
4832048
4887474
4939781
4992362
5045380
5096572
5150274
5207758
5259682
5310826
5364014
5417552
5470566
5524585
5578711
5630171
5679474
5734822
5788539
5838928
5893812
5944879
5999389
6053021
6105041
6158121
6213856
6265375
6318574
6370636
6426073
6480517
6530373
6582876
6637058
6689108
6739912
6792837
6845345
6897182
6949849
6999918
7054020
7109435
7152346
