4267594
4416738
4551218
4684729
4795552
4853805
4853805
4853805
4910409
4974031
5038186
5099290
5159412
5224649
5290919
5355222
5422899
5485978
5547576
5611750
5675065
5738831
5804358
5865886
5928827
5992127
6055798
6118042
6183689
6247346
6308592
6370189
6434377
6497219
6560410
6625557
6686481
6751113
6814459
6879282
6941358
7006091
7070018
7133239
7198940
7262264
7329666
7394529
7465888
7529847
7592747
7658536
7721569
7785104
7846637
7907534
7972784
8033764
8098169
8163005
8227898
8292250
8355340
8418672
8482315
8546758
8609470
8659658
