37682
347673
662644
976107
1288584
1540512
1547880
1859391
2164952
2477654
2787844
3099503
3410726
3721231
4035497
4346099
4657687
4972582
5289055
5600586
5912180
6220520
6532042
6846630
7157153
7468617
7782966
8100626
8412692
8727088
9040282
9355517
9668828
9981525
10294440
10602835
10919914
11235855
11551844
11870100
12185278
12502446
12818670
13137566
13453286
13766748
14081012
14398033
14714016
15029923
15340786
15653582
15968386
16286875
16602985
16916127
17232696
17547905
17862393
18179043
18491269
18807371
19123179
19437952
19753726
20067925
20304556
20304556
